1 "9mm Pistol" 0 15 75 25 0.2 2.13 1 1 0
2 "1858 Revolvers" 0 6 144 33 0.2 2.39 2 1 0
3 "Winchester 1894" 0 12 84 108 0.4 0.45 1 0 1
4 "MP7 SMG" 1 30 330 16 0.06 2.04 1 1 0
5 "AR-15" 1 20 240 30 0.06 2.67 1 1 0
6 "SG 500" 0 8 56 38 0.75 0.48 3 0 1
7 "SA80" 1 30 270 30 0.09 2.77 1 1 0
8 "AK-12" 1 30 300 40 0.1 2.9 1 1 0
9 "SCAR-H" 1 20 340 55 0.096 2.62 1 1 0
10 "Stoner 63A" 1 75 500 30 0.066 3.58 1 1 0
11 "Mkb.42(H)" 1 30 270 50 0.12 2.53 1 1 0
12 "M4 Shotgun" 0 8 64 75 0.23 0.4 3 0 1
13 "AA-12" 1 20 120 40 0.2 2.97 3 1 1
14 "M1911" 0 8 136 33 0.17 2.09 2 1 0
15 "Desert Eagles" 0 7 105 60 0.2 2.09 2 1 0
16 ".500 Magnums" 0 5 95 150 0.24 0.46 2 0 0
17 "AF2011-A1" 0 16 288 35 0.19 2.08 2 1 0
18 "SPX 464" 0 10 70 165 0.4 0.45 1 0 1
19 "M14 EBR" 0 20 120 108 0.22 2.23 1 1 1
20 "M99 AMR" 0 1 20 1100 1.57 2.15 1 1 1
21 "FN FAL"  0 20 160 70 0.1 2.19 1 1 1
22 "MP5RAS" 1 40 320 25 0.06 2.56 1 1 0
23 "P90" 1 50 350 30 0.06 2.56 1 1 0
24 "UMP" 1 30 290 45 0.1 2.56 1 1 0
25 "Kriss SMG" 1 33 495 33 0.05 2.36 1 1 0
26 "RPG" 0 1 15 150 0.35 2.37 4 1 0